{
 "metadata": {
  "language_info": {
   "codemirror_mode": {
    "name": "ipython",
    "version": 3
   },
   "file_extension": ".py",
   "mimetype": "text/x-python",
   "name": "python",
   "nbconvert_exporter": "python",
   "pygments_lexer": "ipython3",
   "version": "3.8.5-final"
  },
  "orig_nbformat": 2,
  "kernelspec": {
   "name": "python3",
   "display_name": "Python 3"
  }
 },
 "nbformat": 4,
 "nbformat_minor": 2,
 "cells": [
  {
   "cell_type": "code",
   "execution_count": 3,
   "metadata": {},
   "outputs": [],
   "source": [
    "import numpy as np\n",
    "import pandas as pd"
   ]
  },
  {
   "cell_type": "code",
   "execution_count": 4,
   "metadata": {},
   "outputs": [
    {
     "output_type": "execute_result",
     "data": {
      "text/plain": [
       "   지역     총인구수    0~9세  10~19세   20~29세   30~39세   40~49세   50~59세   60~69세  \\\n",
       "0  서울  9736962  658355  813563  1455903  1505729  1563968  1539385  1200518   \n",
       "1  부산  3410925  241624  281120   434692   431911   518321   580966   511174   \n",
       "2  대구  2432883  186623  234528   321487   303397   391997   428622   311274   \n",
       "3  인천  2954955  239941  281097   405835   417708   490716   515758   344843   \n",
       "4  광주  1456121  125396  162728   207554   191432   244903   234048   155056   \n",
       "\n",
       "   70~79세  80~89세  90~99세  100세 이상  \n",
       "0  688818  263939   40404     6380  \n",
       "1  285602  109312   14396     1807  \n",
       "2  171217   74227    8817      694  \n",
       "3  172269   74306   11574      908  \n",
       "4   91020   38050    5529      405  "
      ],
      "text/html": "<div>\n<style scoped>\n    .dataframe tbody tr th:only-of-type {\n        vertical-align: middle;\n    }\n\n    .dataframe tbody tr th {\n        vertical-align: top;\n    }\n\n    .dataframe thead th {\n        text-align: right;\n    }\n</style>\n<table border=\"1\" class=\"dataframe\">\n  <thead>\n    <tr style=\"text-align: right;\">\n      <th></th>\n      <th>지역</th>\n      <th>총인구수</th>\n      <th>0~9세</th>\n      <th>10~19세</th>\n      <th>20~29세</th>\n      <th>30~39세</th>\n      <th>40~49세</th>\n      <th>50~59세</th>\n      <th>60~69세</th>\n      <th>70~79세</th>\n      <th>80~89세</th>\n      <th>90~99세</th>\n      <th>100세 이상</th>\n    </tr>\n  </thead>\n  <tbody>\n    <tr>\n      <th>0</th>\n      <td>서울</td>\n      <td>9736962</td>\n      <td>658355</td>\n      <td>813563</td>\n      <td>1455903</td>\n      <td>1505729</td>\n      <td>1563968</td>\n      <td>1539385</td>\n      <td>1200518</td>\n      <td>688818</td>\n      <td>263939</td>\n      <td>40404</td>\n      <td>6380</td>\n    </tr>\n    <tr>\n      <th>1</th>\n      <td>부산</td>\n      <td>3410925</td>\n      <td>241624</td>\n      <td>281120</td>\n      <td>434692</td>\n      <td>431911</td>\n      <td>518321</td>\n      <td>580966</td>\n      <td>511174</td>\n      <td>285602</td>\n      <td>109312</td>\n      <td>14396</td>\n      <td>1807</td>\n    </tr>\n    <tr>\n      <th>2</th>\n      <td>대구</td>\n      <td>2432883</td>\n      <td>186623</td>\n      <td>234528</td>\n      <td>321487</td>\n      <td>303397</td>\n      <td>391997</td>\n      <td>428622</td>\n      <td>311274</td>\n      <td>171217</td>\n      <td>74227</td>\n      <td>8817</td>\n      <td>694</td>\n    </tr>\n    <tr>\n      <th>3</th>\n      <td>인천</td>\n      <td>2954955</td>\n      <td>239941</td>\n      <td>281097</td>\n      <td>405835</td>\n      <td>417708</td>\n      <td>490716</td>\n      <td>515758</td>\n      <td>344843</td>\n      <td>172269</td>\n      <td>74306</td>\n      <td>11574</td>\n      <td>908</td>\n    </tr>\n    <tr>\n      <th>4</th>\n      <td>광주</td>\n      <td>1456121</td>\n      <td>125396</td>\n      <td>162728</td>\n      <td>207554</td>\n      <td>191432</td>\n      <td>244903</td>\n      <td>234048</td>\n      <td>155056</td>\n      <td>91020</td>\n      <td>38050</td>\n      <td>5529</td>\n      <td>405</td>\n    </tr>\n  </tbody>\n</table>\n</div>"
     },
     "metadata": {},
     "execution_count": 4
    }
   ],
   "source": [
    "df = pd.read_csv('population_age_2020.csv')\n",
    "df.head()"
   ]
  },
  {
   "cell_type": "code",
   "execution_count": 6,
   "metadata": {},
   "outputs": [
    {
     "output_type": "execute_result",
     "data": {
      "text/plain": [
       "array([['서울', 9736962, 658355, 813563, 1455903, 1505729, 1563968,\n",
       "        1539385, 1200518, 688818, 263939, 40404, 6380],\n",
       "       ['부산', 3410925, 241624, 281120, 434692, 431911, 518321, 580966,\n",
       "        511174, 285602, 109312, 14396, 1807],\n",
       "       ['대구', 2432883, 186623, 234528, 321487, 303397, 391997, 428622,\n",
       "        311274, 171217, 74227, 8817, 694],\n",
       "       ['인천', 2954955, 239941, 281097, 405835, 417708, 490716, 515758,\n",
       "        344843, 172269, 74306, 11574, 908],\n",
       "       ['광주', 1456121, 125396, 162728, 207554, 191432, 244903, 234048,\n",
       "        155056, 91020, 38050, 5529, 405],\n",
       "       ['대전', 1473125, 120476, 151861, 212143, 199106, 242381, 243526,\n",
       "        170291, 88289, 39190, 5523, 339],\n",
       "       ['울산', 1145710, 103399, 115623, 147745, 158271, 190698, 211255,\n",
       "        136520, 57438, 21610, 2991, 160],\n",
       "       ['세종', 343788, 47454, 40574, 36273, 61442, 65714, 42907, 27813,\n",
       "        13609, 6863, 1084, 55],\n",
       "       ['경기도', 13265377, 1178548, 1347854, 1769080, 1917785, 2299179,\n",
       "        2205106, 1422638, 742296, 330231, 48650, 4010],\n",
       "       ['강원도', 1539521, 108694, 141975, 179813, 169694, 227950, 269666,\n",
       "        226444, 135668, 68321, 10493, 803],\n",
       "       ['충청북도', 1598599, 128290, 153119, 198910, 198768, 243982, 273857,\n",
       "        209926, 119037, 63513, 8656, 541],\n",
       "       ['충청남도', 2120995, 179808, 206578, 243748, 276553, 329789, 340568,\n",
       "        264305, 167339, 97941, 13481, 885],\n",
       "       ['전라북도', 1815112, 135297, 180675, 212339, 195971, 274471, 303074,\n",
       "        244901, 165445, 89352, 12770, 817],\n",
       "       ['전라남도', 1861894, 137868, 172888, 202760, 193083, 265366, 317226,\n",
       "        259385, 191719, 105793, 14984, 822],\n",
       "       ['경상북도', 2658956, 198214, 233506, 291097, 303472, 390995, 464427,\n",
       "        389498, 238482, 130716, 17589, 960],\n",
       "       ['경상남도', 3358828, 282751, 331566, 384750, 418383, 543911, 585186,\n",
       "        435315, 240111, 119977, 16139, 739],\n",
       "       ['제주도', 670876, 62086, 71539, 81968, 84145, 113076, 111221, 75172,\n",
       "        44621, 22963, 3819, 266]], dtype=object)"
      ]
     },
     "metadata": {},
     "execution_count": 6
    }
   ],
   "source": [
    "#1 DataFrame의 데이터를 2차원 리스트/어레이에 저장\n",
    "df.values"
   ]
  },
  {
   "cell_type": "code",
   "execution_count": 24,
   "metadata": {},
   "outputs": [
    {
     "output_type": "execute_result",
     "data": {
      "text/plain": [
       "array([['서울', '부산', '대구', '인천', '광주', '대전', '울산', '세종', '경기도', '강원도',\n",
       "        '충청북도', '충청남도', '전라북도', '전라남도', '경상북도', '경상남도', '제주도'],\n",
       "       [9736962, 3410925, 2432883, 2954955, 1456121, 1473125, 1145710,\n",
       "        343788, 13265377, 1539521, 1598599, 2120995, 1815112, 1861894,\n",
       "        2658956, 3358828, 670876],\n",
       "       [658355, 241624, 186623, 239941, 125396, 120476, 103399, 47454,\n",
       "        1178548, 108694, 128290, 179808, 135297, 137868, 198214, 282751,\n",
       "        62086],\n",
       "       [813563, 281120, 234528, 281097, 162728, 151861, 115623, 40574,\n",
       "        1347854, 141975, 153119, 206578, 180675, 172888, 233506, 331566,\n",
       "        71539],\n",
       "       [1455903, 434692, 321487, 405835, 207554, 212143, 147745, 36273,\n",
       "        1769080, 179813, 198910, 243748, 212339, 202760, 291097, 384750,\n",
       "        81968],\n",
       "       [1505729, 431911, 303397, 417708, 191432, 199106, 158271, 61442,\n",
       "        1917785, 169694, 198768, 276553, 195971, 193083, 303472, 418383,\n",
       "        84145],\n",
       "       [1563968, 518321, 391997, 490716, 244903, 242381, 190698, 65714,\n",
       "        2299179, 227950, 243982, 329789, 274471, 265366, 390995, 543911,\n",
       "        113076],\n",
       "       [1539385, 580966, 428622, 515758, 234048, 243526, 211255, 42907,\n",
       "        2205106, 269666, 273857, 340568, 303074, 317226, 464427, 585186,\n",
       "        111221],\n",
       "       [1200518, 511174, 311274, 344843, 155056, 170291, 136520, 27813,\n",
       "        1422638, 226444, 209926, 264305, 244901, 259385, 389498, 435315,\n",
       "        75172],\n",
       "       [688818, 285602, 171217, 172269, 91020, 88289, 57438, 13609,\n",
       "        742296, 135668, 119037, 167339, 165445, 191719, 238482, 240111,\n",
       "        44621],\n",
       "       [263939, 109312, 74227, 74306, 38050, 39190, 21610, 6863, 330231,\n",
       "        68321, 63513, 97941, 89352, 105793, 130716, 119977, 22963],\n",
       "       [40404, 14396, 8817, 11574, 5529, 5523, 2991, 1084, 48650, 10493,\n",
       "        8656, 13481, 12770, 14984, 17589, 16139, 3819],\n",
       "       [6380, 1807, 694, 908, 405, 339, 160, 55, 4010, 803, 541, 885,\n",
       "        817, 822, 960, 739, 266]], dtype=object)"
      ]
     },
     "metadata": {},
     "execution_count": 24
    }
   ],
   "source": [
    "#2 1번 결과의 열과 행을 바꾸자 => DataFrame TransPose\n",
    "df.T.values"
   ]
  },
  {
   "cell_type": "code",
   "execution_count": 56,
   "metadata": {},
   "outputs": [
    {
     "output_type": "execute_result",
     "data": {
      "text/plain": [
       "{'지역': ['서울',\n",
       "  '부산',\n",
       "  '대구',\n",
       "  '인천',\n",
       "  '광주',\n",
       "  '대전',\n",
       "  '울산',\n",
       "  '세종',\n",
       "  '경기도',\n",
       "  '강원도',\n",
       "  '충청북도',\n",
       "  '충청남도',\n",
       "  '전라북도',\n",
       "  '전라남도',\n",
       "  '경상북도',\n",
       "  '경상남도',\n",
       "  '제주도'],\n",
       " '총인구수': [9736962,\n",
       "  3410925,\n",
       "  2432883,\n",
       "  2954955,\n",
       "  1456121,\n",
       "  1473125,\n",
       "  1145710,\n",
       "  343788,\n",
       "  13265377,\n",
       "  1539521,\n",
       "  1598599,\n",
       "  2120995,\n",
       "  1815112,\n",
       "  1861894,\n",
       "  2658956,\n",
       "  3358828,\n",
       "  670876],\n",
       " '0~9세': [658355,\n",
       "  241624,\n",
       "  186623,\n",
       "  239941,\n",
       "  125396,\n",
       "  120476,\n",
       "  103399,\n",
       "  47454,\n",
       "  1178548,\n",
       "  108694,\n",
       "  128290,\n",
       "  179808,\n",
       "  135297,\n",
       "  137868,\n",
       "  198214,\n",
       "  282751,\n",
       "  62086],\n",
       " '10~19세': [813563,\n",
       "  281120,\n",
       "  234528,\n",
       "  281097,\n",
       "  162728,\n",
       "  151861,\n",
       "  115623,\n",
       "  40574,\n",
       "  1347854,\n",
       "  141975,\n",
       "  153119,\n",
       "  206578,\n",
       "  180675,\n",
       "  172888,\n",
       "  233506,\n",
       "  331566,\n",
       "  71539],\n",
       " '20~29세': [1455903,\n",
       "  434692,\n",
       "  321487,\n",
       "  405835,\n",
       "  207554,\n",
       "  212143,\n",
       "  147745,\n",
       "  36273,\n",
       "  1769080,\n",
       "  179813,\n",
       "  198910,\n",
       "  243748,\n",
       "  212339,\n",
       "  202760,\n",
       "  291097,\n",
       "  384750,\n",
       "  81968],\n",
       " '30~39세': [1505729,\n",
       "  431911,\n",
       "  303397,\n",
       "  417708,\n",
       "  191432,\n",
       "  199106,\n",
       "  158271,\n",
       "  61442,\n",
       "  1917785,\n",
       "  169694,\n",
       "  198768,\n",
       "  276553,\n",
       "  195971,\n",
       "  193083,\n",
       "  303472,\n",
       "  418383,\n",
       "  84145],\n",
       " '40~49세': [1563968,\n",
       "  518321,\n",
       "  391997,\n",
       "  490716,\n",
       "  244903,\n",
       "  242381,\n",
       "  190698,\n",
       "  65714,\n",
       "  2299179,\n",
       "  227950,\n",
       "  243982,\n",
       "  329789,\n",
       "  274471,\n",
       "  265366,\n",
       "  390995,\n",
       "  543911,\n",
       "  113076],\n",
       " '50~59세': [1539385,\n",
       "  580966,\n",
       "  428622,\n",
       "  515758,\n",
       "  234048,\n",
       "  243526,\n",
       "  211255,\n",
       "  42907,\n",
       "  2205106,\n",
       "  269666,\n",
       "  273857,\n",
       "  340568,\n",
       "  303074,\n",
       "  317226,\n",
       "  464427,\n",
       "  585186,\n",
       "  111221],\n",
       " '60~69세': [1200518,\n",
       "  511174,\n",
       "  311274,\n",
       "  344843,\n",
       "  155056,\n",
       "  170291,\n",
       "  136520,\n",
       "  27813,\n",
       "  1422638,\n",
       "  226444,\n",
       "  209926,\n",
       "  264305,\n",
       "  244901,\n",
       "  259385,\n",
       "  389498,\n",
       "  435315,\n",
       "  75172],\n",
       " '70~79세': [688818,\n",
       "  285602,\n",
       "  171217,\n",
       "  172269,\n",
       "  91020,\n",
       "  88289,\n",
       "  57438,\n",
       "  13609,\n",
       "  742296,\n",
       "  135668,\n",
       "  119037,\n",
       "  167339,\n",
       "  165445,\n",
       "  191719,\n",
       "  238482,\n",
       "  240111,\n",
       "  44621],\n",
       " '80~89세': [263939,\n",
       "  109312,\n",
       "  74227,\n",
       "  74306,\n",
       "  38050,\n",
       "  39190,\n",
       "  21610,\n",
       "  6863,\n",
       "  330231,\n",
       "  68321,\n",
       "  63513,\n",
       "  97941,\n",
       "  89352,\n",
       "  105793,\n",
       "  130716,\n",
       "  119977,\n",
       "  22963],\n",
       " '90~99세': [40404,\n",
       "  14396,\n",
       "  8817,\n",
       "  11574,\n",
       "  5529,\n",
       "  5523,\n",
       "  2991,\n",
       "  1084,\n",
       "  48650,\n",
       "  10493,\n",
       "  8656,\n",
       "  13481,\n",
       "  12770,\n",
       "  14984,\n",
       "  17589,\n",
       "  16139,\n",
       "  3819],\n",
       " '100세 이상': [6380,\n",
       "  1807,\n",
       "  694,\n",
       "  908,\n",
       "  405,\n",
       "  339,\n",
       "  160,\n",
       "  55,\n",
       "  4010,\n",
       "  803,\n",
       "  541,\n",
       "  885,\n",
       "  817,\n",
       "  822,\n",
       "  960,\n",
       "  739,\n",
       "  266]}"
      ]
     },
     "metadata": {},
     "execution_count": 56
    }
   ],
   "source": [
    "#3 DataFrame을 Dictionary로 바꾸는 방법\n",
    "# https://qastack.kr/programming/26716616/convert-a-pandas-dataframe-to-a-dictionary\n",
    "df.to_dict('list')"
   ]
  },
  {
   "cell_type": "code",
   "execution_count": 54,
   "metadata": {},
   "outputs": [
    {
     "output_type": "execute_result",
     "data": {
      "text/plain": [
       "{'총인구수': {'서울': 9736962,\n",
       "  '부산': 3410925,\n",
       "  '대구': 2432883,\n",
       "  '인천': 2954955,\n",
       "  '광주': 1456121,\n",
       "  '대전': 1473125,\n",
       "  '울산': 1145710,\n",
       "  '세종': 343788,\n",
       "  '경기도': 13265377,\n",
       "  '강원도': 1539521,\n",
       "  '충청북도': 1598599,\n",
       "  '충청남도': 2120995,\n",
       "  '전라북도': 1815112,\n",
       "  '전라남도': 1861894,\n",
       "  '경상북도': 2658956,\n",
       "  '경상남도': 3358828,\n",
       "  '제주도': 670876},\n",
       " '0~9세': {'서울': 658355,\n",
       "  '부산': 241624,\n",
       "  '대구': 186623,\n",
       "  '인천': 239941,\n",
       "  '광주': 125396,\n",
       "  '대전': 120476,\n",
       "  '울산': 103399,\n",
       "  '세종': 47454,\n",
       "  '경기도': 1178548,\n",
       "  '강원도': 108694,\n",
       "  '충청북도': 128290,\n",
       "  '충청남도': 179808,\n",
       "  '전라북도': 135297,\n",
       "  '전라남도': 137868,\n",
       "  '경상북도': 198214,\n",
       "  '경상남도': 282751,\n",
       "  '제주도': 62086},\n",
       " '10~19세': {'서울': 813563,\n",
       "  '부산': 281120,\n",
       "  '대구': 234528,\n",
       "  '인천': 281097,\n",
       "  '광주': 162728,\n",
       "  '대전': 151861,\n",
       "  '울산': 115623,\n",
       "  '세종': 40574,\n",
       "  '경기도': 1347854,\n",
       "  '강원도': 141975,\n",
       "  '충청북도': 153119,\n",
       "  '충청남도': 206578,\n",
       "  '전라북도': 180675,\n",
       "  '전라남도': 172888,\n",
       "  '경상북도': 233506,\n",
       "  '경상남도': 331566,\n",
       "  '제주도': 71539},\n",
       " '20~29세': {'서울': 1455903,\n",
       "  '부산': 434692,\n",
       "  '대구': 321487,\n",
       "  '인천': 405835,\n",
       "  '광주': 207554,\n",
       "  '대전': 212143,\n",
       "  '울산': 147745,\n",
       "  '세종': 36273,\n",
       "  '경기도': 1769080,\n",
       "  '강원도': 179813,\n",
       "  '충청북도': 198910,\n",
       "  '충청남도': 243748,\n",
       "  '전라북도': 212339,\n",
       "  '전라남도': 202760,\n",
       "  '경상북도': 291097,\n",
       "  '경상남도': 384750,\n",
       "  '제주도': 81968},\n",
       " '30~39세': {'서울': 1505729,\n",
       "  '부산': 431911,\n",
       "  '대구': 303397,\n",
       "  '인천': 417708,\n",
       "  '광주': 191432,\n",
       "  '대전': 199106,\n",
       "  '울산': 158271,\n",
       "  '세종': 61442,\n",
       "  '경기도': 1917785,\n",
       "  '강원도': 169694,\n",
       "  '충청북도': 198768,\n",
       "  '충청남도': 276553,\n",
       "  '전라북도': 195971,\n",
       "  '전라남도': 193083,\n",
       "  '경상북도': 303472,\n",
       "  '경상남도': 418383,\n",
       "  '제주도': 84145},\n",
       " '40~49세': {'서울': 1563968,\n",
       "  '부산': 518321,\n",
       "  '대구': 391997,\n",
       "  '인천': 490716,\n",
       "  '광주': 244903,\n",
       "  '대전': 242381,\n",
       "  '울산': 190698,\n",
       "  '세종': 65714,\n",
       "  '경기도': 2299179,\n",
       "  '강원도': 227950,\n",
       "  '충청북도': 243982,\n",
       "  '충청남도': 329789,\n",
       "  '전라북도': 274471,\n",
       "  '전라남도': 265366,\n",
       "  '경상북도': 390995,\n",
       "  '경상남도': 543911,\n",
       "  '제주도': 113076},\n",
       " '50~59세': {'서울': 1539385,\n",
       "  '부산': 580966,\n",
       "  '대구': 428622,\n",
       "  '인천': 515758,\n",
       "  '광주': 234048,\n",
       "  '대전': 243526,\n",
       "  '울산': 211255,\n",
       "  '세종': 42907,\n",
       "  '경기도': 2205106,\n",
       "  '강원도': 269666,\n",
       "  '충청북도': 273857,\n",
       "  '충청남도': 340568,\n",
       "  '전라북도': 303074,\n",
       "  '전라남도': 317226,\n",
       "  '경상북도': 464427,\n",
       "  '경상남도': 585186,\n",
       "  '제주도': 111221},\n",
       " '60~69세': {'서울': 1200518,\n",
       "  '부산': 511174,\n",
       "  '대구': 311274,\n",
       "  '인천': 344843,\n",
       "  '광주': 155056,\n",
       "  '대전': 170291,\n",
       "  '울산': 136520,\n",
       "  '세종': 27813,\n",
       "  '경기도': 1422638,\n",
       "  '강원도': 226444,\n",
       "  '충청북도': 209926,\n",
       "  '충청남도': 264305,\n",
       "  '전라북도': 244901,\n",
       "  '전라남도': 259385,\n",
       "  '경상북도': 389498,\n",
       "  '경상남도': 435315,\n",
       "  '제주도': 75172},\n",
       " '70~79세': {'서울': 688818,\n",
       "  '부산': 285602,\n",
       "  '대구': 171217,\n",
       "  '인천': 172269,\n",
       "  '광주': 91020,\n",
       "  '대전': 88289,\n",
       "  '울산': 57438,\n",
       "  '세종': 13609,\n",
       "  '경기도': 742296,\n",
       "  '강원도': 135668,\n",
       "  '충청북도': 119037,\n",
       "  '충청남도': 167339,\n",
       "  '전라북도': 165445,\n",
       "  '전라남도': 191719,\n",
       "  '경상북도': 238482,\n",
       "  '경상남도': 240111,\n",
       "  '제주도': 44621},\n",
       " '80~89세': {'서울': 263939,\n",
       "  '부산': 109312,\n",
       "  '대구': 74227,\n",
       "  '인천': 74306,\n",
       "  '광주': 38050,\n",
       "  '대전': 39190,\n",
       "  '울산': 21610,\n",
       "  '세종': 6863,\n",
       "  '경기도': 330231,\n",
       "  '강원도': 68321,\n",
       "  '충청북도': 63513,\n",
       "  '충청남도': 97941,\n",
       "  '전라북도': 89352,\n",
       "  '전라남도': 105793,\n",
       "  '경상북도': 130716,\n",
       "  '경상남도': 119977,\n",
       "  '제주도': 22963},\n",
       " '90~99세': {'서울': 40404,\n",
       "  '부산': 14396,\n",
       "  '대구': 8817,\n",
       "  '인천': 11574,\n",
       "  '광주': 5529,\n",
       "  '대전': 5523,\n",
       "  '울산': 2991,\n",
       "  '세종': 1084,\n",
       "  '경기도': 48650,\n",
       "  '강원도': 10493,\n",
       "  '충청북도': 8656,\n",
       "  '충청남도': 13481,\n",
       "  '전라북도': 12770,\n",
       "  '전라남도': 14984,\n",
       "  '경상북도': 17589,\n",
       "  '경상남도': 16139,\n",
       "  '제주도': 3819},\n",
       " '100세 이상': {'서울': 6380,\n",
       "  '부산': 1807,\n",
       "  '대구': 694,\n",
       "  '인천': 908,\n",
       "  '광주': 405,\n",
       "  '대전': 339,\n",
       "  '울산': 160,\n",
       "  '세종': 55,\n",
       "  '경기도': 4010,\n",
       "  '강원도': 803,\n",
       "  '충청북도': 541,\n",
       "  '충청남도': 885,\n",
       "  '전라북도': 817,\n",
       "  '전라남도': 822,\n",
       "  '경상북도': 960,\n",
       "  '경상남도': 739,\n",
       "  '제주도': 266}}"
      ]
     },
     "metadata": {},
     "execution_count": 54
    }
   ],
   "source": [
    "df.set_index('지역').to_dict()"
   ]
  },
  {
   "cell_type": "code",
   "execution_count": 50,
   "metadata": {},
   "outputs": [
    {
     "output_type": "execute_result",
     "data": {
      "text/plain": [
       "{'지역': array([6380, 1807,  694,  908,  405,  339,  160,   55, 4010,  803,  541,\n",
       "         885,  817,  822,  960,  739,  266], dtype=int64)}"
      ]
     },
     "metadata": {},
     "execution_count": 50
    }
   ],
   "source": []
  },
  {
   "cell_type": "code",
   "execution_count": null,
   "metadata": {},
   "outputs": [],
   "source": []
  }
 ]
}